# 
# V.M. Ievlev
# Thermo-Physical Properties of Working Fluids of Gas Core Reactors
# Moscow, 1980
#
# Thermodynamic functions
# PRE  [atm]     - pressure from 1 to 500 atm
# TEMP [K]       - temperature from 6,000 to 40,000 K
# RHO  [kg/m3]   - density
#
1.E+0 6.0E+3 4.156E-1
3.E+0 6.0E+3 1.301E+0
1.E+1 6.0E+3 4.456E+0
3.E+1 6.0E+3 1.357E+1
#
1.E+0 7.0E+3 3.092E-1
3.E+0 7.0E+3 1.015E+0
1.E+1 7.0E+3 3.611E+0
3.E+1 7.0E+3 1.123E+1
1.E+2 7.0E+3 3.833E+1
#
1.E+0 8.0E+3 2.294E-1
3.E+0 8.0E+3 7.794E-1
1.E+1 8.0E+3 2.894E+0
3.E+1 8.0E+3 9.284E+0
1.E+2 8.0E+3 3.241E+1
2.E+2 8.0E+3 6.597E+1
#
1.E+0 1.0E+4 1.484E-1
3.E+0 1.0E+4 4.906E-1
1.E+1 1.0E+4 1.868E+0
3.E+1 1.0E+4 6.304E+0
1.E+2 1.0E+4 2.324E+1
2.E+2 1.0E+4 4.850E+1
5.E+2 1.0E+4 1.264E+2
#
1.E+0 1.2E+4 1.012E-1
3.E+0 1.2E+4 3.408E-1
1.E+1 1.2E+4 1.292E+0
3.E+1 1.2E+4 4.407E+0
1.E+2 1.2E+4 1.683E+1
2.E+2 1.2E+4 3.598E+1
5.E+2 1.2E+4 9.658E+1
#
1.E+0 1.5E+4 6.565E-2
3.E+0 1.5E+4 2.089E-1
1.E+1 1.5E+4 7.768E-1
3.E+1 1.5E+4 2.675E+0
1.E+2 1.5E+4 1.057E+1
2.E+2 1.5E+4 2.329E+1
5.E+2 1.5E+4 6.530E+1
#
1.E+0 2.0E+4 4.681E-2
3.E+0 2.0E+4 1.435E-1
1.E+1 2.0E+4 4.933E-1
3.E+1 2.0E+4 1.547E+0
1.E+2 2.0E+4 5.594E+0
2.E+2 2.0E+4 1.203E+1
5.E+2 2.0E+4 3.404E+1
#
1.E+0 2.5E+4 3.405E-2
3.E+0 2.5E+4 1.086E-1
1.E+1 2.5E+4 3.786E-1
3.E+1 2.5E+4 1.174E+0
1.E+2 2.5E+4 4.084E+0
2.E+2 2.5E+4 8.428E+0
5.E+2 2.5E+4 2.229E+1
#
1.E+0 3.0E+4 2.483E-2
3.E+0 3.0E+4 8.049E-2
1.E+1 3.0E+4 2.928E-1
3.E+1 3.0E+4 9.333E-1
1.E+2 3.0E+4 3.269E+0
2.E+2 3.0E+4 6.714E+0
5.E+2 3.0E+4 1.744E+1
#
1.E+0 4.0E+4 1.499E-2
3.E+0 4.0E+4 4.830E-2
1.E+1 4.0E+4 1.776E-1
3.E+1 4.0E+4 5.876E-1
1.E+2 4.0E+4 2.176E+0
2.E+2 4.0E+4 4.584E+0
5.E+2 4.0E+4 1.212E+1