# 
# Rocket Engines and Power Plants
# by Kroteyev
# 2002
#
# Table 8.11
# Effective thermal conductivity
# PRE  [atm]     - pressure 100, 200, 500 and 1000 atm
# TEMP [K]       - temperature 6000 - 40000 K
# LAM  [kcal/h/K]- effective thermal conductivity 
#
1.E+2 6.0E+3 7.3150E+2
1.E+2 8.0E+3 5.5460E+1
1.E+2 1.0E+4 2.5170E+1
1.E+2 1.2E+4 3.1160E+1
1.E+2 1.5E+4 8.0600E+1
1.E+2 2.0E+4 5.1810E+2
1.E+2 2.5E+4 2.9095E+3
1.E+2 3.0E+4 1.5398E+4
1.E+2 3.5E+4 5.7990E+4
1.E+2 4.0E+4 1.6620E+5
#
2.E+2 6.0E+3 2.8450E+2
2.E+2 8.0E+3 2.5900E+1
2.E+2 1.0E+4 1.1130E+1
2.E+2 1.2E+4 1.2680E+1
2.E+2 1.5E+4 3.1340E+1
2.E+2 2.0E+4 1.7280E+2
2.E+2 2.5E+4 8.1770E+3
2.E+2 3.0E+4 3.6850E+4
2.E+2 3.5E+4 1.2920E+4
2.E+2 4.0E+4 3.6810E+4
#
5.E+2 6.0E+3 8.3700E+1
5.E+2 8.0E+3 8.6600E+0
5.E+2 1.0E+4 3.5900E+0
5.E+2 1.2E+4 3.9600E+0
5.E+2 1.5E+4 9.6800E+0
5.E+2 2.0E+4 4.8040E+1
5.E+2 2.5E+4 1.9630E+2
5.E+2 3.0E+4 6.9200E+2
5.E+2 3.5E+4 2.1560E+3
5.E+2 4.0E+4 2.7540E+3
#
1.E+3 6.0E+3 3.4800E+1
1.E+3 8.0E+3 3.8900E+0
1.E+3 1.0E+4 1.4800E+0
1.E+3 1.2E+4 1.7500E+0
1.E+3 1.5E+4 4.2800E+0
1.E+3 2.0E+4 2.0080E+1
1.E+3 2.5E+4 7.6400E+1
1.E+3 3.0E+4 2.3810E+2
1.E+3 3.5E+4 6.7150E+2
1.E+3 4.0E+4 1.6820E+3


